採取同步方式發送和讀取，subscriber處理/cmd_vel的時間：
5.49106216431
3.67597198486
0.0640161037445
0.31961107254
0.22357916832
0.0639128684998
0.0639090538025
4.60349702835
2.87710499763
0.0639131069183
0.0639209747314
0.0639081001282
0.0639188289642
0.0639569759369
0.0639050006866
0.0639431476593
0.0639660358429
0.063894033432
0.0639441013336
0.0639081001282
0.0639271736145
0.063934803009
0.0639100074768
0.0639798641205
0.063912153244
0.0639290809631
0.0639188289642
0.0639178752899
0.0639429092407
0.0639450550079
0.0639100074768
0.0639569759369
0.0639290809631
0.0639908313751
0.0638918876648
0.0639879703522
0.0640490055084
0.0957560539246
0.0639441013336
0.0639350414276
0.063943862915
0.0638921260834
0.0639131069183
0.0639448165894
0.0639410018921
0.0639138221741
0.0639441013336
0.0639200210571
0.0639591217041
0.0639419555664
0.0639081001282
1.98203110695
0.0639159679413
0.0639410018921
0.0639359951019
7.99174404144
4.63502812386
0.0958399772644
0.06396484375
0.0640668869019
0.639277935028
